0 0.0175433328125 0 0.0614033328125 0.46579 0.085965 0.7210525 0.12807 0.71842 0.1675433328125 0.7118425 0.185965 0.7157899999999999 0.20614 0.6539475 0.1824566671875 0.54342 0.1535083328125 0 0.0175433328125 0
0 0.348245 0.5223675 0.38859666718749997 0.55 0.4192983328125 0.54079 0.41579 0.3473675 0.398245 0.1460525 0.4105266671875 0.1355275 0.3894733328125 0.1289475 0.38772 0.1105275 0.2105266671875 0.10921 0.2289466671875 0.3947375 0.3184216671875 0.50921 0.348245 0.5223675
0 0.8166666671874999 0 0.8026316671875 0.276315 0.8868416671875 0.3052625 0.8596483328125 0.5947375 0.9964916671875 0.4802625 0.9983333328124999 0.46973750000000003 0.9983333328124999 0 0.8166666671874999 0
0 0.6903516671875 0.48421000000000003 0.6298250000000001 0.48421000000000003 0.6324566671875 0.58158 0.6473683328125001 0.5973675 0.6464916671875 0.63421 0.6631583328125 0.65658 0.6649116671875 0.6815800000000001 0.6929816671875 0.7276325 0.7070183328125 0.8434200000000001 0.8570183328125 0.6815800000000001 0.86579 0.5907899999999999 0.8868416671875 0.30263249999999997 0.8026316671875 0.2776325 0.81228 0.0881575 0.7149116671875 0.092105 0.651755 0.176315 0.65 0.3289475 0.6429816671874999 0.4302625 0.6903516671875 0.48421000000000003
0 0.7026316671874999 0.2052625 0.6543866671874999 0.20920999999999998 0.6473683328125001 0.175 0.7043866671875 0.1052625 0.6236849999999999 0.1394725 0.6350883328125 0.148685 0.63421 0.292105 0.6333333328124999 0.432895 0.6333333328124999 0.49078999999999995 0.6771933328124999 0.48421000000000003 0.6780700000000001 0.4644725 0.6508766671874999 0.42105249999999994 0.651755 0.332895 0.6964916671875 0.3276325 0.7026316671874999 0.2052625
0 0.6307016671875 0.5894725000000001 0.632947625 0.5052533218749999 0.5780700000000001 0.5039475 0.5675433328125 0.601315 0.592105 0.6197375 0.59386 0.61579 0.6052633328125 0.607895 0.6166666671875001 0.6105275 0.6307016671875 0.5894725000000001
0 0.5745616671875 0.6039475000000001 0.579825 0.50921 0.6307016671875 0.5039475 0.6263150000000001 0.41579 0.6236849999999999 0.23420999999999997 0.55 0.25 0.5464916671875 0.5144725 0.5587716671875 0.5539475 0.5745616671875 0.6039475000000001
0 0.5394733328125 0.123685 0.529825 0.13158 0.5263150000000001 0.19079 0.5526316671875 0.2 0.5596483328125 0.25 0.6333333328124999 0.23947250000000003 0.6315783328125 0.1644725 0.6254383328124999 0.1394725 0.7087716671875001 0.1052625 0.720175 0.092105 0.8114033328125 0.0947375 0.8175433328124999 0.0368425 0.5368416671875 0.031580000000000004 0.5184216671875 0.07763250000000001 0.5210533328125 0.0973675 0.5412283328124999 0.0947375 0.5394733328125 0.123685
0 0.52807 0.4368425 0.50614 0.44342 0.5271933328125 0.4973675 0.548245 0.49341999999999997 0.5473683328125001 0.42763249999999997 0.551755 0.4 0.5535083328125 0.26579 0.5587716671875 0.24736750000000002 0.51228 0.2526325 0.529825 0.3197375 0.529825 0.3789475 0.52807 0.4368425
0 0.48772000000000004 0.398685 0.48508833281249997 0.382895 0.49386 0.36447250000000003 0.48333333281249996 0.3394725 0.43157833281249997 0.342105 0.43421000000000004 0.4026325 0.48772000000000004 0.398685
0 0.5149116671875 0.2552625 0.4868416671875 0.2973675 0.48508833281249997 0.39079 0.492105 0.40921 0.5043866671874999 0.4552625 0.52807 0.4368425 0.5342100000000001 0.31052749999999996 0.5149116671875 0.2552625
0 0.1815783328125 0.5539475 0.2245616671875 0.5828949999999999 0.2315783328125 0.5368425 0.3254383328125 0.54079 0.3307016671875 0.523685 0.23070166718750001 0.40131500000000003 0.20614 0.001315 0.15087666718749998 0.001315 0.1543866671875 0.10263249999999999 0.1815783328125 0.5539475