0 0.2112552375 0.45177439062499997 0.2112552375 0.379711890625 0.14458857187500002 0.21064329218750003 0.014719046874999999 0.256375 0.0493504765625 0.47117530468749996 0.07705619062499999 0.6776600609375001 0.22510857187500002 0.6263856703124999 0.2112552375 0.45177439062499997
0 0.3532466671875 0.5875838421874999 0.3506495234375 0.53076524375 0.3567095234375 0.5224496953125 0.355843809375 0.3700106703125 0.35411238125 0.28270579218749997 0.261471428125 0.1164085359375 0.14026 0.13026676875 0.1437228578125 0.2078719515625 0.2103895234375 0.379711890625 0.22597428593750002 0.6263856703124999 0.3532466671875 0.5875838421874999
0 0.3549780953125 0.368625 0.355843809375 0.4448445125 0.35411238125 0.45038871875000003 0.35411238125 0.5224496953125 0.3489180953125 0.52660823125 0.3515152375 0.5903551828125 0.357576190625 0.5875838421874999 0.469263809375 0.5557088421875 0.4900428578125 0.2757759140625 0.37229428593749997 0.119179878125 0.27012952343749996 0.12195121874999999 0.3549780953125 0.28409146406249997 0.3549780953125 0.3644679875 0.3549780953125 0.368625
0 0 0.6956768296875 0.06580095312499999 0.6776600609375001 0.04588761875 0.491961890625 0.023376190625 0.335365853125 0 0.339522865625 0 0.6956768296875
0 0.4718619046875 0.559867378125 0.57316 0.53492225625 0.593939046875 0.39357012187499996 0.534199046875 0.325664634375 0.4839828578125 0.339522865625 0.482251428125 0.42267225625 0.4718619046875 0.559867378125
0 0.530736190625 0.19817073125 0.5359304765624999 0.103935975 0.5047619046875 0.06236128125 0.46320380937500005 0.0679039640625 0.43289999999999995 0.0443460359375 0.3913419046875 0.06236128125 0.38961047656250003 0.101164634375 0.47012952343750003 0.137195121875 0.46666666718750005 0.21064329218750003 0.530736190625 0.19817073125
0 0.515151428125 0.3270503046875 0.5376619046875 0.325664634375 0.593939046875 0.39357012187499996 0.590476190625 0.407428353125 0.58095238125 0.49057621874999996 0.574891428125 0.4864192078125 0.57316 0.5141356703125 0.576623809375 0.53492225625 0.661471428125 0.5224496953125 0.6709952375 0.46285975625000003 0.6779219046875 0.39357012187499996 0.6831171421875 0.3949557921875 0.6917752375 0.3492240859375 0.6225104765625 0.2979496953125 0.6372295234375 0.2771615859375 0.5549780953125001 0.1898551828125 0.46493523750000004 0.2120289640625 0.46060571406250006 0.23420121875 0.4891771421875 0.2771615859375 0.48744571406250004 0.299335365625 0.515151428125 0.3270503046875
0 0.692640953125 0.3561524390625 0.6813857140625 0.3963414640625 0.6718619046875001 0.4614740859375 0.661471428125 0.5169070125 0.725540953125 0.5099771343749999 0.7341990468749999 0.519678353125 0.7489180953125001 0.51275 0.74632 0.48780487812500006 0.75411238125 0.4406875 0.7627704765625001 0.429600609375 0.7696971421875001 0.3713963421875 0.7844152375 0.31180640312499996 0.793939046875 0.281318596875 0.776623809375 0.22865853593750002 0.738528571875 0.2397454265625 0.7238095234374999 0.22865853593750002 0.7246752375 0.1898551828125 0.6320342859375 0.09284908593749999 0.5610390468750001 0.1067073171875 0.5601733328125 0.12610823124999998 0.5549780953125001 0.18708384218750002 0.6398266671874999 0.27854725625 0.625108571875 0.30210670781250004 0.692640953125 0.3561524390625
0 0.75411238125 0.433757621875 0.7480523812500001 0.49057621874999996 0.7523809531250001 0.5072057921875001 0.8 0.49057621874999996 0.8051952375000001 0.5044344515625 0.8225104765625 0.497506096875 0.8181819046875001 0.48780487812500006 0.8242428578125001 0.43653048749999995 0.8337666671875 0.433757621875 0.8484847625 0.3492240859375 0.7896104765625 0.307649390625 0.7705628578125 0.37416920781249996 0.763636190625 0.4282149390625 0.75411238125 0.433757621875
0 0.7238095234374999 0.227272865625 0.7393942859375 0.23835975625 0.776623809375 0.227272865625 0.793939046875 0.2660746953125 0.787879046875 0.307649390625 0.8502161906250001 0.3519954265625 0.8320342859375 0.4323719515625 0.82684 0.4393018296875 0.8216447625000001 0.48780487812500006 0.828571428125 0.4933475609375 0.8683980953124999 0.47810365781249997 0.8796533328124999 0.491961890625 0.8891771421874999 0.48503353593750004 0.888311428125 0.473946646875 0.89437238125 0.4282149390625 0.9047619046875001 0.4171280484375 0.9203466671875 0.3630823171875 0.9333333328125001 0.2771615859375 0.9471857140625 0.2217301828125 0.9030304765625001 0.21064329218750003 0.84069238125 0.159367378125 0.7844152375 0.1358094515625 0.7108228578125 0.15105335312499998 0.7099571421875 0.17599847500000002 0.725540953125 0.18708384218750002 0.7238095234374999 0.227272865625
0 0.9082247625000001 0.4060426828125 0.8952380953124999 0.429600609375 0.8917752374999999 0.47810365781249997 0.9471857140625 0.46285975625000003 0.9532466671875 0.429600609375 0.963636190625 0.411585365625 0.9800866671874999 0.36169664687499997 0.9835495234374999 0.3339801828125 0.993939046875 0.2979496953125 0.9428571421875 0.2522179875 0.934199046875 0.2799329265625 0.917748571875 0.36169664687499997 0.9082247625000001 0.4060426828125
0 0.9766238093749999 0.3672393296875 0.96536761875 0.411585365625 0.952380953125 0.41990091406249996 0.9471857140625 0.46285975625000003 0.998268571875 0.4462301828125 0.99904761875 0.24251676875 0.9870133328125 0.22450152499999998 0.9471857140625 0.24528810937499998 0.9913419046874999 0.289634146875 0.982683809375 0.35753810937499997 0.9766238093749999 0.3672393296875
0 0 0 0 0.04988871875 0.0025971421875 0.159367378125 0.0354980953125 0.152439025 0.0415580953125 0.1427378046875 0.0701295234375 0.1358094515625 0.0900428578125 0.119179878125 0.0900428578125 0.0720625 0.07272761875 0 0 0