0 0.764 0.626 0.792 0.63 0.8146666671875 0.666 0.8720000000000001 0.666 0.8746666671875 0.644 0.8826666671875 0.632 0.8880000000000001 0.636 0.8946666671875001 0.608 0.8880000000000001 0.5980000000000001 0.7813333328125001 0.5780000000000001 0.76 0.584 0.748 0.5980000000000001 0.744 0.612 0.7546666671875 0.62 0.7546666671875 0.636 0.764 0.626
0 0.924 0.718 0.932 0.734 0.9573333328125001 0.708 0.9733333328124999 0.728 0.9706666671875 0.718 0.9786666671875001 0.692 0.976 0.6599999999999999 0.8946666671875001 0.636 0.8786666671875001 0.64 0.876 0.648 0.876 0.704 0.9106666671875001 0.706 0.9133333328125 0.718 0.924 0.718
0 0.036 0.596 0.04 0.584 0.0706666671875 0.584 0.0866666671875 0.5740000000000001 0.0826666671875 0.32799999999999996 0.088 0.292 0.0773333328125 0.274 0.024 0.254 0.0013333328125 0.236 0 0.542 0.013333332812500001 0.5700000000000001 0.017333332812499998 0.5940000000000001 0.036 0.596
0 0.1066666671875 0.5780000000000001 0.11200000000000002 0.596 0.12933333281249998 0.608 0.1613333328125 0.5740000000000001 0.16933333281250001 0.546 0.16399999999999998 0.526 0.16399999999999998 0.414 0.1586666671875 0.40800000000000003 0.16399999999999998 0.384 0.11599999999999999 0.356 0.0893333328125 0.356 0.0933333328125 0.426 0.088 0.48 0.09066666718750001 0.5660000000000001 0.1066666671875 0.5780000000000001
0 0.21600000000000003 0.48 0.2133333328125 0.458 0.2266666671875 0.434 0.2506666671875 0.43 0.268 0.418 0.27599999999999997 0.396 0.2706666671875 0.364 0.24933333281249997 0.348 0.12933333281249998 0.35 0.124 0.352 0.13999999999999999 0.366 0.1866666671875 0.484 0.21600000000000003 0.48
0 0.2746666671875 0.484 0.2866666671875 0.48 0.3 0.49000000000000005 0.29733333281249996 0.5519999999999999 0.32799999999999996 0.5519999999999999 0.352 0.542 0.36266666718749996 0.49800000000000005 0.372 0.49400000000000005 0.37466666718749997 0.438 0.37066666718749997 0.43200000000000005 0.2826666671875 0.414 0.252 0.43200000000000005 0.21600000000000003 0.44000000000000006 0.2146666671875 0.48200000000000004 0.2226666671875 0.524 0.2666666671875 0.532 0.2746666671875 0.484
0 0.26 0.21000000000000002 0.2693333328125 0.238 0.3 0.246 0.33999999999999997 0.27 0.364 0.26 0.3946666671875 0.27 0.4106666671875 0.25 0.4066666671875 0.23199999999999998 0.372 0.21400000000000002 0.36266666718749996 0.192 0.2773333328125 0.16 0.21600000000000003 0.148 0.192 0.158 0.1933333328125 0.178 0.22400000000000003 0.20400000000000001 0.23866666718750001 0.198 0.26 0.21000000000000002
0 0.10533333281249999 0.144 0.10800000000000001 0.16999999999999998 0.1613333328125 0.198 0.1626666671875 0.154 0.10533333281249999 0.144
0 0.8013333328125001 0.47800000000000004 0.784 0.462 0.756 0.45199999999999996 0.728 0.45999999999999996 0.7266666671875 0.48600000000000004 0.7493333328125 0.5 0.796 0.5 0.8013333328125001 0.47800000000000004
0 0.9013333328125 0.274 0.9013333328125 0.296 0.9199999999999999 0.292 0.9173333328125001 0.274 0.9013333328125 0.274
0 0.9853333328125 0.492 0.984 0.45999999999999996 0.944 0.45 0.9560000000000001 0.48200000000000004 0.9653333328124999 0.48200000000000004 0.9786666671875001 0.496 0.9853333328125 0.492
0 0.7906666671875 0.3 0.8106666671875 0.296 0.792 0.29 0.7906666671875 0.3
0 0.9586666671874999 0.324 0.9453333328125 0.318 0.9359999999999999 0.33999999999999997 0.9453333328125 0.34199999999999997 0.9560000000000001 0.36 0.9586666671874999 0.324
0 0.8346666671875 0.33199999999999996 0.8346666671875 0.354 0.86 0.348 0.8573333328125001 0.32999999999999996 0.8346666671875 0.33199999999999996
0 0.8733333328124999 0.32 0.8800000000000001 0.304 0.868 0.3 0.8733333328124999 0.32