0 0.13125 0.63359375 0.18046875 0.1609375
0 0.140625 0.5171875 0.21953125 0.11171875
0 0.1203125 0.428125 0.2140625 0.16875
0 0.11328125 0.290625 0.225 0.17109375
0 0.1171875 0.15234375 0.22734375 0.18671875
0 0.34609375 0.2265625 0.14921875 0.13671875
0 0.33515625 0.38984375 0.18359375 0.1421875
0 0.334375 0.7296875 0.184375 0.2546875
0 0.3234375 0.5609375 0.18984375 0.1421875
0 0.49140625 0.79375 0.16171875 0.165625
0 0.48984375 0.63984375 0.21484375 0.15234375
0 0.50546875 0.45390625 0.1640625 0.14375
0 0.50078125 0.275 0.1734375 0.16953125
0 0.7015625 0.340625 0.15390625 0.1375
0 0.69609375 0.634375 0.16875 0.17421875
0 0.69765625 0.4953125 0.1609375 0.1265625
0 0.684375 0.8328125 0.16796875 0.24765625
0 0.8578125 0.88046875 0.1921875 0.1578125
0 0.8734375 0.7625 0.2 0.12890625
0 0.86328125 0.61875 0.16640625 0.12421875
0 0.85625 0.48359375 0.20546875 0.08984375
0 0.86875 0.3484375 0.16640625 0.165625