0 0.24609375 0.21796875 0.215625 0.18359375
0 0.23125 0.52421875 0.21484375 0.1546875
0 0.2578125 0.38359375 0.1703125 0.16640625
0 0.1828125 0.8 0.234375 0.1734375
0 0.2171875 0.6703125 0.246875 0.12421875
0 0.384375 0.840625 0.196875 0.22734375
0 0.41640625 0.67109375 0.2 0.196875
0 0.4125 0.54765625 0.23046875 0.20859375
0 0.421875 0.38359375 0.240625 0.18515625
0 0.43515625 0.2171875 0.21875 0.14609375
0 0.66640625 0.215625 0.19921875 0.165625
0 0.678125 0.38203125 0.20625 0.1875
0 0.62265625 0.84453125 0.246875 0.23125
0 0.66171875 0.69453125 0.2125 0.16171875
0 0.659375 0.5359375 0.21328125 0.11484375
0 0.8140625 0.86953125 0.20078125 0.2390625
0 0.83125 0.709375 0.20078125 0.17890625
0 0.85 0.56171875 0.1515625 0.17265625
0 0.8421875 0.41796875 0.1890625 0.178125
0 0.85546875 0.2703125 0.16328125 0.134375
0 0.415625 0.09375 0.37578125 0.18125