0 0.1265625 0.67265625 0.1953125 0.175
0 0.13671875 0.5453125 0.23828125 0.121875
0 0.1140625 0.44765625 0.228125 0.18359375
0 0.1140625 0.2984375 0.228125 0.18671875
0 0.1171875 0.14609375 0.23359375 0.2015625
0 0.359375 0.22890625 0.16171875 0.14921875
0 0.34765625 0.40703125 0.19921875 0.15546875
0 0.346875 0.778125 0.2 0.27734375
0 0.33515625 0.59375 0.20625 0.1546875
0 0.51796875 0.84765625 0.17578125 0.18046875
0 0.515625 0.6796875 0.23359375 0.16640625
0 0.5328125 0.4765625 0.178125 0.15703125
0 0.52734375 0.28203125 0.18828125 0.18515625
0 0.7453125 0.353125 0.1671875 0.15
0 0.73984375 0.67421875 0.18359375 0.190625
0 0.74140625 0.521875 0.175 0.13828125
0 0.72578125 0.8765625 0.1828125 0.246875
0 0.9046875 0.92734375 0.190625 0.14453125
0 0.9109375 0.81171875 0.17734375 0.14140625
0 0.91484375 0.6546875 0.1703125 0.134375
0 0.9 0.50703125 0.2 0.0984375
0 0.91796875 0.36171875 0.1640625 0.18046875