0 0.26818166718750003 0.04444444375 0.3106058328125 0.04444444375 0.30454583281250003 0.006733332812499999 0.2939391671875 0 0.1045458328125 0.0013466671875 0.12424249999999999 0.5117851859375 0.22651500000000002 0.41885481406249997 0.27121249999999997 0.377103703125 0.26818166718750003 0.04444444375
0 0.273485 0.3757570375 0.32045416718749997 0.3299659265625 0.3174241671875 0.1023570375 0.3439391671875 0.0969703703125 0.3477275 0.083502221875 0.3 0 0.3106058328125 0.045791110937500004 0.2674241671875 0.043097778125 0.273485 0.3757570375
0 0.3196966671875 0.320539259375 0.3242425 0.32727259218750004 0.3462125 0.2841748140625 0.3439391671875 0.13064 0.3704541671875 0.1239051859375 0.35 0.08619555625 0.3196966671875 0.09427555625 0.3159091671875 0.10774370312499999 0.3196966671875 0.320539259375
0 0.3431816671875 0 0.3431816671875 0.0781140734375 0.3757575 0.11717185156250001 0.38106083281249997 0.13064 0.3590908328125 0.1360266671875 0.3590908328125 0.21548888906250002 0.4378791671875 0.222222221875 0.4378791671875 0.18720592656249999 0.45757583281249997 0.18316444375000002 0.46212083281250005 0.13198666718750002 0.3939391671875 0.1198651859375 0.4151516671875 0.0296296296875 0.4106058328125 0.017508148437500003 0.375 0 0.3431816671875 0
0 0.3477275 0.2949496296875 0.3613633328125 0.24377037031249998 0.3583333328125 0.1360266671875 0.3795458328125 0.13064 0.3583333328125 0.0969703703125 0.3712125 0.1266 0.3454541671875 0.13468 0.3477275 0.2949496296875
0 0.5393941671875 0.07542074062500001 0.5 0.1117851859375 0.501515 0.24915851875 0.5386366671875 0.292256296875 0.5401516671875 0.0888888890625 0.5393941671875 0.07542074062500001
0 0.55303 0.3030296296875 0.5666666671875 0.2895629625 0.5666666671875 0.1023570375 0.5742425 0.0740740734375 0.5727275 0.0242429625 0.5666666671875 0.022896296875 0.5409091671875 0.047137778125 0.5386366671875 0.2276088890625 0.5424241671875001 0.24511851875000001 0.55303 0.3030296296875
0 0.6356058328125 0.22491555624999998 0.6280300000000001 0.38383851875 0.7212125 0.43636296249999995 0.7537874999999999 0.4282829625 0.7674241671875001 0.083502221875 0.72197 0.0888888890625 0.6037874999999999 0.210100740625 0.6037874999999999 0.2235688890625 0.6356058328125 0.22491555624999998
0 0.9991666671875 0 0.7727275 0.0013466671875 0.7651516671875 0.083502221875 0.7530300000000001 0.4282829625 0.9991666671875 0.5602696296875 0.9991666671875 0
0 0.5606058328125 0.214140740625 0.6 0.169696296875 0.65303 0.12525185156250002 0.70303 0.0888888890625 0.7651516671875 0.08619555625 0.7136366671875 0.035016296875000005 0.6424241671875001 0.0700340734375 0.6242425 0.0888888890625 0.6090908328125 0.07138074062500001 0.5651516671875 0.087542221875 0.5606058328125 0.214140740625
0 0.6143941671875 0.3636370375 0.6272725 0.38383851875 0.6295458328125 0.2276088890625 0.601515 0.21818222187499997 0.6075758328124999 0.1993259265625 0.7212125 0.09023555625 0.6757575 0.1010103703125 0.5674241671875 0.20875407343750002 0.5666666671875 0.22491555624999998 0.5893941671875 0.2316503703125 0.5871208328125 0.3393940734375 0.6143941671875 0.3636370375